[Rss]
graham cluley = 2022-08-26T14:23:35
threatpost = 2022-08-29T14:56:19
krebs on security = 2022-08-18T15:27:53
dark reading = 2022-08-29T19:00:00
we live security = 2022-08-26T15:00:19
davinci forensics = 2022-08-20T08:50:36
cisco = 2022-08-29T08:43:43
information security magazine = 2022-08-29T14:00:00
google = 2022-08-24T17:14:00
trend micro = 2022-08-25T00:00:00
bleeping computer = 2022-08-29T18:55:19
proof point = 2022-08-23T10:24:50
us-cert cisa = 2022-08-16T15:38:42
fr-cert alertes = 2022-06-03T08:04:26
fr-cert avis = 2022-08-29T11:59:02
hacker news = 2022-08-30T03:35:00
schneier on security = 2022-08-29T14:30:04
ncsc = 2022-08-18T23:00:00
center of internet security = 2022-08-27T06:10:32
binary defense = 2022-08-23T22:53:22
securelist = 2022-08-25T01:00:31
checkpoint research = 2022-08-29T14:22:04
virusbulletin = 2021-12-08T12:42:00
modexp = 2022-08-22T01:00:00
james forshaw = 2022-07-17T04:49:00
adam chester = 2022-07-09T23:00:00
microsoft security = 2022-08-11T16:00:00
recorded future = 2022-08-25T00:00:00
sentinelone = 2022-08-29T14:26:20
leak-lookup = 2022-08-25T23:00:03
cyber-news = 2022-08-29T03:44:34
eu-enisa publications = 2022-07-27T10:00:00
att = 2022-08-29T10:00:00
microsoft sentinel = 2022-08-26T15:57:53
ncc = 2022-08-19T14:30:21
sans = 2022-08-30T02:00:02
version = 2022-08-21T20:02:42
redcanary = 2022-08-23T16:17:46

[Ransomware]
suncrypt = 2022-06-18 02:21:01.442528
lockbit2 = 2022-08-06 20:48:04.576723
arvinclub = 2022-04-21 17:36:07.558909
quantum = 2022-08-23 11:12:50.086574
alphv = 2022-08-30 04:51:34.181231
lorenz = 2022-08-23 21:29:09.183305
avoslocker = 2021-09-26 12:46:17.809549
avaddon = 2021-09-09 23:46:54.365433
xinglocker = 2021-10-26 13:56:17.766530
ragnarlocker = 2022-08-27 10:54:58.947899
clop = 2022-08-22 11:16:42.671522
revil = 2022-08-02 18:39:59.243685
everest = 2022-08-24 19:44:05.942916
ragnarok = 2021-12-30 10:10:45.033137
conti = 2022-06-07 18:40:06.936435
pysa = 2022-08-27 13:50:15.761327
nefilim = 2021-09-09 23:46:57.082905
mountlocker = 2022-02-08 14:26:33.620994
babuklocker = 2021-09-09 23:46:57.346780
ransomexx = 2022-08-24 23:08:19.293119
cuba = 2022-07-21 12:57:07.795500
pay2key = 2021-09-09 23:46:57.658522
azroteam = 2021-09-09 23:46:57.808630
lockdata = 2021-09-09 23:46:57.869876
blacktor = 2021-12-30 10:10:48.121036
darkleakmarket = 2022-05-25 18:38:22.481043
blackmatter = 2021-11-04 16:05:45.602653
payloadbin = 2022-01-06 13:27:28.356983
groove = 2021-10-30 10:25:18.268983
bonacigroup = 2021-12-06 23:55:58.986303
blackbyte = 2022-08-28 23:09:20.448655
karma = 2021-10-04 09:45:12.384002
spook = 2021-10-19 18:49:19.466913
lv = 2022-08-25 12:58:41.426059
sabbath = 2022-02-28 18:25:03.577007
snatch = 2022-08-17 22:55:48.017424
midas = 2022-04-14 23:25:05.809224
robinhood = 2021-12-06 19:59:27.781350
marketo = 2022-02-14 20:32:48.096765
rook = 2022-01-08 10:19:00.640637
cryp70n1c0d3 = 2021-12-18 16:06:44.345558
hiveleak = 2022-08-25 19:21:30.899610
blackshadow = 2021-12-18 16:06:44.948812
mosesstaff = 2021-12-18 16:06:45.338411
atomsilo = 2021-12-21 20:28:18.355635
nightsky = 2022-01-04 19:14:52.100985
vicesociety = 2022-08-25 22:58:20.452008
pandora = 2022-03-30 19:26:24.820390
stormous = 2022-05-09 20:30:39.007872
leaktheanalyst = 2022-03-29 16:52:32.802514
kelvinsecurity = 2022-05-24 20:35:19.562212
blackbasta = 2022-08-06 10:13:12.504112
onyx = 2022-08-05 15:07:48.687119
mindware = 2022-05-05 13:42:39.179439
ransomhouse = 2022-08-09 21:04:50.311476
cheers = 2022-08-18 17:10:11.485940
lockbit3 = 2022-08-29 14:59:21.661786
yanluowang = 2022-08-10 16:55:19.472715
0mega = 2022-07-14 00:20:20.176178
bianlian = 2022-08-29 20:50:00.729567
redalert = 2022-07-28 14:55:38.962792
redcanary = 2022-08-18T21:53:55
daixin = 2022-08-09 10:44:27.550608
babuk = 2021-09-09 23:46:57.346780
icefire = 2022-08-20 09:50:02.102837
donutleaks = 2022-08-27 07:07:53.030672

[Misc]
redflagdomains = 2022-08-29

