[Rss]
graham cluley = 2022-09-16T14:34:33
threatpost = 2022-08-31T12:57:48
krebs on security = 2022-09-16T17:55:25
dark reading = 2022-09-21T03:33:20
we live security = 2022-09-19T09:30:47
davinci forensics = 2022-08-20T08:50:36
cisco = 2022-09-20T12:00:36
information security magazine = 2022-09-21T09:10:00
google = 2022-09-13T16:59:00
trend micro = 2022-09-20T00:00:00
bleeping computer = 2022-09-20T22:31:48
proof point = 2022-09-14T16:15:17
us-cert cisa = 2022-09-14T15:00:00
fr-cert alertes = 2022-09-16T09:20:10
fr-cert avis = 2022-09-20T11:59:31
hacker news = 2022-09-21T06:30:00
schneier on security = 2022-09-20T11:29:41
ncsc = 2022-09-01T23:00:00
center of internet security = 2022-09-13T21:44:39
binary defense = 2022-09-14T13:07:23
securelist = 2022-09-19T14:00:21
checkpoint research = 2022-09-19T12:57:16
virusbulletin = 2021-12-08T12:42:00
modexp = 2022-08-22T01:00:00
james forshaw = 2022-07-17T04:49:00
adam chester = 2022-07-09T23:00:00
microsoft security = 2022-09-20T17:17:00
recorded future = 2022-09-20T00:00:00
sentinelone = 2022-09-19T15:08:54
leak-lookup = 2022-09-14T16:00:06
cyber-news = 2022-09-20T01:03:27
eu-enisa publications = 2022-07-27T10:00:00
att = 2022-09-20T10:00:00
microsoft sentinel = 2022-09-19T15:20:50
ncc = 2022-09-06T18:32:07
sans = 2022-09-21T05:59:53
version = 2022-08-21T20:02:42
redcanary = 2022-09-15T15:01:28
malpedia = 2022-09-20T15:01:28

[Ransomware]
suncrypt = 2022-06-18 02:21:01.442528
lockbit2 = 2022-08-06 20:48:04.576723
arvinclub = 2022-04-21 17:36:07.558909
quantum = 2022-09-02 00:51:08.683366
alphv = 2022-09-19 21:05:34.526498
lorenz = 2022-09-16 19:12:42.721406
avoslocker = 2021-09-26 12:46:17.809549
avaddon = 2021-09-09 23:46:54.365433
xinglocker = 2021-10-26 13:56:17.766530
ragnarlocker = 2022-09-19 22:43:16.974974
clop = 2022-08-31 07:30:42.886873
revil = 2022-09-01 14:59:32.590615
everest = 2022-09-19 15:31:57.649201
ragnarok = 2021-12-30 10:10:45.033137
conti = 2022-06-07 18:40:06.936435
pysa = 2022-09-20 01:44:05.209440
nefilim = 2021-09-09 23:46:57.082905
mountlocker = 2022-02-08 14:26:33.620994
babuklocker = 2021-09-09 23:46:57.346780
ransomexx = 2022-09-03 13:03:32.033691
cuba = 2022-08-30 12:56:17.597905
pay2key = 2021-09-09 23:46:57.658522
azroteam = 2021-09-09 23:46:57.808630
lockdata = 2021-09-09 23:46:57.869876
blacktor = 2021-12-30 10:10:48.121036
darkleakmarket = 2022-05-25 18:38:22.481043
blackmatter = 2021-11-04 16:05:45.602653
payloadbin = 2022-01-06 13:27:28.356983
groove = 2021-10-30 10:25:18.268983
bonacigroup = 2021-12-06 23:55:58.986303
blackbyte = 2022-09-19 05:57:01.427406
karma = 2021-10-04 09:45:12.384002
spook = 2021-10-19 18:49:19.466913
lv = 2022-08-25 12:58:41.426059
sabbath = 2022-02-28 18:25:03.577007
snatch = 2022-08-17 22:55:48.017424
midas = 2022-04-14 23:25:05.809224
robinhood = 2021-12-06 19:59:27.781350
marketo = 2022-02-14 20:32:48.096765
rook = 2022-01-08 10:19:00.640637
cryp70n1c0d3 = 2021-12-18 16:06:44.345558
hiveleak = 2022-09-20 17:26:02.268726
blackshadow = 2021-12-18 16:06:44.948812
mosesstaff = 2021-12-18 16:06:45.338411
atomsilo = 2021-12-21 20:28:18.355635
nightsky = 2022-01-04 19:14:52.100985
vicesociety = 2022-09-20 18:43:56.896519
pandora = 2022-03-30 19:26:24.820390
stormous = 2022-05-09 20:30:39.007872
leaktheanalyst = 2022-03-29 16:52:32.802514
kelvinsecurity = 2022-05-24 20:35:19.562212
blackbasta = 2022-09-20 21:30:52.927176
onyx = 2022-08-05 15:07:48.687119
mindware = 2022-05-05 13:42:39.179439
ransomhouse = 2022-08-09 21:04:50.311476
cheers = 2022-09-14 11:00:11.961979
lockbit3 = 2022-09-21 09:21:15.394031
yanluowang = 2022-08-10 16:55:19.472715
0mega = 2022-09-16 22:56:51.587988
bianlian = 2022-09-13 23:02:22.924315
redalert = 2022-09-13 21:07:43.852707
redcanary = 2022-08-18T21:53:55
daixin = 2022-09-13 01:25:17.121803
babuk = 2021-09-09 23:46:57.346780
icefire = 2022-08-20 09:50:02.102837
donutleaks = 2022-09-02 09:05:39.312316
sparta = 2022-09-14 11:00:19.146782

[Misc]
redflagdomains = 2022-09-20

